id	label	x	y	cluster	weight<Links>	weight<Total link strength>	weight<Occurrences>	score<Avg. pub. year>	score<Avg. citations>	score<Avg. norm. citations>
141	accountability	0.4254	0.6609	2	36	91	63	2017.1429	7.1905	1.0927
375	africa	-0.2572	-0.6942	3	21	42	45	2017.0222	7.1111	1.3058
409	agency theory	1.034	-0.2569	2	31	70	42	2017.3333	8.0714	1.822
937	assurance	0.8407	0.5848	2	26	70	38	2017.1316	9.3684	1.4684
1236	banks	0.8784	-0.0983	2	31	62	38	2017.0263	3.3684	0.9403
1618	board of directors	1.1742	0.0217	2	31	91	50	2016.8	9.76	1.4557
2010	business ethics	0.2529	-0.6382	2	35	106	74	2016.7432	3.7162	0.585
2040	business model	-0.7048	0.6337	1	32	71	49	2016.9592	9.4898	1.5261
2400	case study	-0.1249	0.6807	1	43	97	87	2017.3678	7.7011	1.3066
2666	china	0.2222	0.1612	2	62	185	194	2017.201	6.9897	1.3608
2726	circular economy	-0.893	0.2348	1	26	79	71	2018.1127	11.5915	4.0665
2842	climate change	-0.1949	0.3986	1	43	150	157	2017.2166	5.5096	1.1186
3031	collaboration	-0.4156	-0.1165	1	31	75	53	2016.8491	6.2264	0.8364
3196	communication	0.0851	-0.3371	2	31	71	40	2017	4.3	0.8148
3409	competitive advantage	-0.3636	-0.4867	1	35	62	41	2016.9756	9.561	1.6676
3708	consumer behavior	-0.3163	-0.2791	1	22	55	63	2017.0794	4.1111	0.7125
3889	content analysis	0.7763	0.3386	2	45	140	100	2017.26	6.18	1.1897
4175	corporate governance	0.8673	0.0797	2	69	444	296	2017.1318	6.8919	1.3388
4250	corporate reputation	0.7205	-0.5526	2	35	100	73	2017.3973	4.9315	1.3962
4254	corporate responsibility	0.1331	0.2851	3	40	82	47	2016.4468	6.766	1.0235
4295	corporate social performance	0.9228	-0.5318	2	34	112	88	2017.0341	6.9318	1.2342
4352	corporate sustainability	-0.0175	0.0745	4	53	150	141	2017.2128	9.6312	2.0378
4793	csr	0.4352	-0.1499	2	97	2159	2501	2017.072	6.4606	1.1758
4836	csr disclosure	1.1771	-0.2947	2	23	63	56	2017.625	5.7321	1.3975
4944	csr reporting	1.0598	0.2721	2	32	80	66	2017.0758	7.1667	1.2635
5049	culture	-0.1722	-0.2244	3	28	49	40	2017.025	6.1	1.0716
5317	decision making	-0.6307	-0.1624	1	28	63	62	2016.8065	6.3871	1.0617
5575	developing country	0.1272	-0.5667	2	42	103	93	2016.9355	6.0215	1.1519
5583	development	-0.9235	0.329	1	25	56	45	2017.2667	3.6222	0.6463
5771	disclosure	0.6609	0.5234	2	42	124	79	2017.4177	5.8101	1.3778
6366	economic growth	-0.7999	0.3481	1	21	54	68	2017.3529	3.5	0.5919
6548	efficiency	-0.887	0.4589	1	26	56	50	2017.12	4.32	0.616
6700	emerging markets	0.5044	0.3528	2	34	70	45	2017.3778	3.3556	0.8418
6927	energy	-1.0125	0.4418	1	17	56	47	2016.8511	7.6596	1.4155
7172	entrepreneurship	-0.9673	-0.1213	1	40	120	93	2017.2366	3.6022	0.7666
7191	environment	-0.3161	0.6011	1	57	228	146	2016.8151	5.7123	1.028
7210	environmental	0.2601	0.6408	3	36	114	57	2016.8947	10.9474	1.7338
7374	environmental management	-0.376	-0.6497	4	41	111	74	2017.0135	8.4054	1.4948
7413	environmental performance	0.0204	-0.7601	4	43	94	90	2017.1778	7.5	1.4824
7424	environmental policy	0.0472	-0.8984	4	30	94	63	2017.5238	6.4127	1.8048
7501	environmental sustainability	-0.5016	-0.4373	1	47	85	127	2017.1654	9.8189	1.846
7637	esg	1.0631	0.1734	2	27	63	40	2017.9	3.85	1.1779
7775	ethics	-0.02	-0.1104	1	45	156	94	2016.7234	4.8191	0.9502
8539	financial performance	0.6238	-0.662	2	50	186	147	2017.2313	7.381	1.436
8637	firm performance	0.7899	-0.2558	2	34	86	78	2017.3974	9.5256	1.8529
8657	firm value	0.9118	-0.233	2	30	85	58	2017.6034	7.4655	1.9145
9320	gender	-0.5856	-0.3506	1	30	66	52	2016.8654	7.5962	1.3577
9557	global reporting initiative	1.1164	0.3615	2	25	73	41	2016.6585	11.9512	1.8705
9591	globalization	0.0926	0.4489	3	33	71	56	2016.8214	7.6429	1.1298
9643	governance	-0.0011	0.583	3	69	206	144	2017.1389	6.9028	1.4315
9930	green marketing	-0.4239	-0.2343	1	21	52	49	2017	9.3469	2.376
11016	india	-0.0505	0.1943	1	49	123	113	2017.1327	4.3451	0.9193
11336	innovation	-0.8066	0.039	1	59	242	207	2017.1256	5.1594	0.9902
11545	institutional theory	0.5008	-0.5223	2	57	218	146	2016.9932	8.0753	1.5763
11563	institutions	0.0302	-0.502	3	26	50	46	2016.6957	9.2609	1.6006
11645	integrated reporting	0.6592	0.7087	2	39	152	110	2017.3364	11.8909	2.113
11695	intellectual capital	0.4718	0.5645	2	24	50	40	2017.125	7.9	1.5309
12704	lca	-0.8804	0.5829	1	14	44	48	2016.2292	6.5208	1.078
12728	leadership	-0.6868	-0.2674	1	32	84	69	2017.1304	7.7246	1.2433
12850	legitimacy	0.5768	0.2118	2	44	134	98	2016.8367	9.0816	1.3596
12859	legitimacy theory	1.0746	0.078	2	29	77	48	2017.25	8.9583	1.5805
13454	management	-0.7521	0.4659	1	32	81	60	2016.85	3.05	0.5793
13772	marketing	-0.4964	-0.3138	1	28	60	39	2017.0256	3.8462	0.9435
14164	microfinance	-0.6952	-0.1057	1	22	58	51	2017.4118	3.4706	0.5718
16512	performance	-0.1673	0.532	1	43	142	109	2017.367	3.844	0.8339
16538	performance measurement	-0.2885	0.7273	1	28	53	45	2016.7111	8.0222	1.2261
16775	policy	-1.0095	0.1321	1	25	57	47	2016.9362	4.383	1.0007
18438	regulation	0.3183	0.7284	3	27	56	42	2017.2619	4.119	0.7531
18580	renewable energy	-0.9981	-0.3223	1	22	42	60	2017.4333	6.9333	1.6406
18626	reporting	0.1706	0.7204	2	32	68	29	2016.8966	6.069	1.4734
18656	reputation	0.296	-0.4658	2	32	64	43	2017.0233	9.3256	1.3631
18754	resilience	-1.0182	0.2847	1	30	64	51	2017.0392	4.4706	0.7653
18827	resource-based view	0.1397	-0.7532	2	36	79	58	2017.431	7.1034	1.7555
19087	risk management	0.0038	0.3412	1	30	64	46	2017.2391	4.2826	0.7097
20098	sme	-0.0605	-0.6313	2	52	165	121	2016.9091	5.5041	0.9659
20125	social	0.2535	0.8314	3	32	91	34	2017.2059	6.5588	1.1391
20194	social capital	-0.5563	-0.5167	1	37	72	49	2016.9592	5.0612	0.849
20270	social enterprise	-0.8444	-0.3337	1	28	62	57	2016.9298	5.4386	0.7346
20278	social entrepreneurship	-0.6631	-0.4926	1	34	96	72	2016.8611	8.7222	1.3522
20367	social media	0.3718	-0.6002	2	21	61	53	2017.1509	4.3019	0.8976
20447	social responsibility	-0.1466	-0.0281	1	58	172	150	2016.7333	5.7533	0.8207
20945	sri	1.0402	-0.0534	2	28	84	76	2016.9211	5.0132	0.9472
20981	stakeholder	0.3185	0.3768	2	72	315	215	2017.0558	7.1814	1.3277
21001	stakeholder engagement	0.4333	-0.743	4	56	244	126	2017.4127	7.9365	1.9381
21023	stakeholder management	0.1927	-0.4511	2	30	75	53	2016.9623	7.7736	1.2541
21059	stakeholder theory	0.7885	-0.4099	2	57	249	157	2017.0064	7.8153	1.6142
21417	structural equation model	-0.1314	-0.724	2	24	49	61	2017.2459	7.7869	1.3841
21586	supply chain	-0.5108	0.6629	1	43	125	90	2016.9889	6.6333	1.281
21615	supply chain management	-0.5351	0.4929	1	53	184	143	2017.2587	7.958	1.5952
21698	sustainability	-0.4762	0.2029	1	97	1544	2013	2017.0378	5.8574	1.1014
21870	sustainability report	0.9339	0.3905	2	48	211	162	2017.179	7.4259	1.355
21903	sustainability transition	-1.1297	-0.3116	1	16	31	71	2017.2535	18.4507	3.3156
22005	sustainable development	-0.1715	-0.4436	4	86	511	456	2017.193	6.6908	1.4692
22205	sustainable supply chain management	-0.2403	-0.1486	1	17	47	46	2017.1304	13.4783	2.5366
22950	tourism	-0.816	-0.1612	1	24	61	52	2017.3462	5.0385	0.9809
23235	transparency	0.6217	0.4173	2	34	66	38	2017.2632	6.9211	0.9937
23304	triple bottom line	-0.5281	-0.1513	1	34	113	69	2016.7101	11.3188	1.8422
23338	trust	0.0135	-0.2622	2	34	83	76	2017.0395	4.8816	1.1214
23748	value creation	-0.1984	0.8027	1	25	62	42	2016.9762	5.0952	1.0543
23806	values	-0.6689	-0.3599	1	33	51	37	2017.4595	3.6486	1.0844
